,C5',C6',T3',T5',S1',S2',S3'
0,3.864344528301887,900.0,0.9088764840003144,0.054249547920434016,0.004874597059517258,0.009198836386508374,0.01092853211730482
1,4.8650798278339575,0.0,0.8987243024963291,0.0513950073421439,0.003258076358296623,0.011104992657856094,0.010875550660792951
2,3.3691336000000005,0.0,0.9093500570125428,0.06176358798935766,0.0062580724264648425,0.006271379703534778,0.011402508551881414
3,3.299697111111111,0.0,0.9170601767768496,0.06162973725632642,0.0062580724264648425,0.0071437220002421595,0.013318803729265043
4,3.7262686060606063,2000.0,0.8884693189480782,0.04855023600809169,0.004517869184086311,0.0100472016183412,0.011260957518543491
5,5.724393974841669,0.0,0.8834980473408536,0.04528029334963053,0.003444635813100728,0.00533362964609145,0.010056114228568254
6,3.4630949090909087,0.0,0.8854550069805813,0.044294961289503734,0.005203706054067775,0.006726741972331514,0.008567077040233533
7,2.42146875,0.0,0.8957776590058792,0.055585248530197764,0.004899340815962943,0.010689470871191877,0.010867628719045074
8,4.816591000000002,0.0,0.908863835819888,0.061905083372713166,0.003915479646256668,0.0083710254506177,0.01579693512455276
9,3.0566081818181816,0.0,0.8875629516093716,0.05025180643748632,0.00886796584190935,0.009853295379899277,0.016093715787168818
10,3.70337559817068,0.0,0.8955402176798514,0.03490841518449695,0.006769312450225644,0.00862755508362092,0.009822139633660736
11,2.546685857142857,0.0,0.8984105044920525,0.06651693158258466,0.005010366275051832,0.007083621285418106,0.012093987560469938
12,4.237290933333333,1500.0,0.8658408932309839,0.04518492672714585,0.003663642707606421,0.007501744591765527,0.013956734124214934
13,3.867637297297297,2400.0,0.9311683393296724,0.06873698163226663,0.0076690020829388375,0.01117212649119485,0.013065707252414316
14,3.638219636363636,0.0,0.8839693017764182,0.048784414748027694,0.005259485858423228,0.013739065099554556,0.009230934363763215
15,4.8650798278339575,0.0,0.8699151140998788,0.03577334362253335,0.0054018300077169,0.005071105721530151,0.008543710726491016
16,2.062121440677966,0.0,0.8808859975216853,0.05204460966542751,0.005576208178438661,0.0051115241635687715,0.012856257744733582
17,2.3087591,0.0,0.8469351704645822,0.05325914149443561,0.006359300476947536,0.011835364776541249,0.011747041158805864
18,7.634886144578314,0.0,0.9197247706422018,0.03869488014205386,0.003995264871263686,0.005548978987866233,0.008656407221071322
19,3.8091866000000003,1700.0,0.8720472440944882,0.03671687778158165,0.004450530640191715,0.0066757959602875725,0.007788428620335502
20,4.740619083969466,0.0,0.9057314687341496,0.05564814143902616,0.004782262154916311,0.009854358379827548,0.01318745018476922
21,4.431482352941177,1500.0,0.867481662591687,0.04715333566189312,0.003981837233670974,0.005099545930841775,0.006147397834439399
22,2.973739,0.0,0.8964834830263358,0.046886892982189066,0.004414674988582737,0.014157405997868775,0.014766326685949157
23,3.8566663999999995,0.0,0.9148936170212766,0.05877850910760754,0.008878003979794888,0.00596969233124139,0.015306903413439462
24,3.000277571428571,0.0,0.890942913614696,0.054993605394721534,0.007324729682595047,0.0059295430763864655,0.010812696198116496
25,4.117523818181819,0.0,0.8982120051085568,0.0578544061302682,0.0045977011494252856,0.010855683269476371,0.015197956577266922
26,4.318243666666667,0.0,0.9295108615339146,0.057410964977094726,0.006723806709029112,0.006502142751588592,0.01751145263780109
27,2.395495233333333,1900.0,0.8834980473408536,0.05391176862588298,0.0030654404904704785,0.012061841929894708,0.011128881780621084
28,4.645752815396892,0.0,0.8924475221813459,0.04858255788790305,0.006762605496645748,0.008872538411599221,0.00995455529106254
29,2.21785225,0.0,0.9123068022150592,0.05173981320770312,0.008513100256219522,0.008430448797421275,0.013389536325316144
30,3.962826,0.0,0.8951807939597711,0.05220314988497611,0.004777915413201203,0.00513183507343833,0.009968737096679055
31,6.322343282604424,1200.0,0.8528165120707659,0.04766877572332453,0.004361447263345414,0.006081454634805578,0.0067571718164506425
32,5.717948717948718,0.0,0.8800670953312832,0.05367626502655857,0.006569751188146492,0.006569751188146492,0.013139502376292984
33,3.4839877403173207,1250.0,0.9222371766113354,0.055929415283385665,0.00493494840735756,0.01114101988933752,0.014505757439808585
34,4.3428136339371815,0.0,0.90935192780968,0.05553732567678425,0.0045939294503691535,0.00951599671862182,0.013125512715340444
35,3.63707136,1900.0,0.8992599901332018,0.05377405032067095,0.004637395165268871,0.00680809077454366,0.009669462259496794
36,4.942032474015488,850.0,0.9110537751222162,0.05710211841390549,0.004073872895165671,0.010116784356328082,0.011950027159152634
37,3.26327775,1700.0,0.898463227222832,0.047122471381527364,0.005096440332444724,0.006664575819350792,0.008075897757566253
38,3.7000211922596993,1650.0,0.8873093822693202,0.044197467045748264,0.004523132592401137,0.007753941586973378,0.016154044972861204
39,4.01707504,1550.0,0.8725283725283726,0.05422955422955423,0.004563004563004563,0.004914004914004914,0.009184509184509184
40,2.8513546401643763,1600.0,0.8778885495303406,0.052843888664784185,0.004840661557079467,0.008298276954993373,0.0072033654123206375
41,2.560376106070604,0.0,0.8830889787664308,0.0461324570273003,0.003791708796764408,0.008594539939332659,0.011880687563195146
42,2.345032117647059,2000.0,0.9181255337318532,0.04926345004269855,0.005924423569598636,0.014304013663535441,0.013983774551665244
43,3.2141313857677902,0.0,0.9021495027269808,0.056223933269169066,0.006336220725056144,0.01122874558870709,0.011389156239974337
44,4.509090678569653,0.0,0.8834980473408536,0.049536317032429014,0.003225620643972121,0.008985657508208053,0.011174471516617707
45,3.3987702173913044,0.0,0.8844021215043394,0.061957569913211184,0.004459980713596914,0.009281581485053038,0.012777242044358728
46,4.8650798278339575,1000.0,0.9146686041818036,0.04948736578671188,0.0040364898684104285,0.006700573181561314,0.007830790344716234
47,4.576163611111111,0.0,0.92537901161646,0.05749163221106517,0.0057097853908249655,0.011813349084465446,0.014963575506989563
48,3.7376583870967743,0.0,0.8965943179812952,0.05717310746426681,0.007789457762988731,0.010534567047441773,0.01767122942347929
49,5.026452805464894,1700.0,0.8936516084873375,0.05390143737166325,0.0034223134839151265,0.006416837782340862,0.011550308008213552
50,2.9753825000000003,0.0,0.8953242835595777,0.06184012066365008,0.007692307692307694,0.008144796380090498,0.012883124383500031
51,3.743114,0.0,0.911198738170347,0.0582018927444795,0.005362776025236593,0.006309148264984227,0.016246056782334387
52,2.709922835820896,1600.0,0.8616976351351351,0.040118243243243236,0.006228885135135135,0.006228885135135135,0.00855152027027027
53,3.293870111111111,0.0,0.9025678748161028,0.05476795506219072,0.006620302260264812,0.006553430520262137,0.01263875886050555
54,5.4603750694444475,1400.0,0.8830687112679242,0.0652282082598272,0.005790021260234315,0.014655991314968109,0.014248880445107885
55,3.7934025,0.0,0.9031554456885268,0.06543550966991421,0.0050894285298822145,0.007416024429256944,0.012360040715428237
56,3.8798307657491073,1400.0,0.8891401009872636,0.03459190594619037,0.007687090210264527,0.005652272213429799,0.011681362574421584
57,3.0563483636363635,0.0,0.9088050314465408,0.0559748427672956,0.0062580724264648425,0.005974842767295598,0.011320754716981131
58,4.8650798278339575,2600.0,0.8834980473408536,0.044379705648670116,0.00469146078468465,0.005939994703189437,0.011047633460709015
59,2.7586206896551726,0.0,0.922572359066098,0.055823127379478005,0.006329984863079675,0.013714967203339295,0.01137562497133159
60,5.509124509124509,2200.0,0.908275248405754,0.05294379356369568,0.0047456621681744035,0.0062286815957289035,0.012976419991101884
61,3.1380748,0.0,0.9129636711281072,0.05804971319311664,0.007648183556405354,0.01277246653919694,0.014455066921606119
62,4.8650798278339575,0.0,0.8880248833592534,0.048891912908242616,0.005589035769828927,0.007873250388802489,0.00806765163297045
63,1.3782262576687117,0.0,0.9097319787971068,0.050827966881324745,0.0020699172033118675,0.008509659613615455,0.013799448022079115
64,5.4392558125,2100.0,0.8766959678960443,0.061365373590674566,0.00680775845595261,0.013734951270781578,0.014188801834511754
65,2.70282872,1900.0,0.8937205776749382,0.051863081464932584,0.006063991063592117,0.010133248224686827,0.010053458868586931
66,4.576166727272726,0.0,0.8914578697881397,0.053400406307439294,0.00319241559446648,0.005417432523943117,0.008609848118409596
67,3.1824601538461534,2400.0,0.8976009362200117,0.04993173395748001,0.003120733372342501,0.009882322345751251,0.01157271958910344
68,5.338230654205606,1200.0,0.9006710140818448,0.050940364804838864,0.00302428881958227,0.009545411586806541,0.011813628201493242
69,1.925,0.0,0.8945646246137066,0.0504453735684421,0.006998727504090165,0.008998363933830213,0.011270678058534812
70,2.613157177225341,1900.0,0.8959176972748166,0.03994746634562767,0.005362810550508921,0.005691145890335997,0.010397285761190762
71,5.2750074,0.0,0.9132720899311012,0.056992626616704935,0.0028405656956364076,0.00743382086304847,0.011543575486522422
72,2.1838724999999997,1450.0,0.8882588853547227,0.037339233854238686,0.004148803761582077,0.006638086018531325,0.01341446549578205
73,4.751481481481481,0.0,0.906228918371936,0.05273217899707668,0.0037103665392399367,0.012030582415111313,0.011018664268045871
74,5.120858222222221,0.0,0.8939530685920578,0.051985559566787014,0.00351985559566787,0.0101985559566787,0.013176895306859206
75,1.9525279259259256,0.0,0.8980939197103609,0.04493664146523267,0.006069641145777872,0.008518794590565435,0.010009583643914386
76,6.224863267326733,2100.0,0.8451100244498777,0.04535452322738386,0.0037286063569682147,0.0047066014669926645,0.015281173594132029
77,4.4596230000000014,0.0,0.9212598425196852,0.05079294665631585,0.006432294554729954,0.011090163025396471,0.013529998890983698
78,4.8650798278339575,0.0,0.909498814764646,0.04359972908906197,0.004232983406705047,0.007788689468337283,0.008465966813410091
79,3.8821672,0.0,0.9163740823491859,0.0655388871156506,0.00744760080859666,0.007873177997659325,0.01521438450899032
80,6.190476190476191,0.0,0.9393404004711424,0.05020612485276797,0.005153121319199058,0.007361601884570083,0.017520612485276796
81,5.3219536,1600.0,0.8841143883814943,0.06063782003293906,0.0062580724264648425,0.01252682537305984,0.007386335279732495
82,2.3367930555555554,675.0,0.8838780641106222,0.04792583280955374,0.004714016341923318,0.0103708359522313,0.013984915147705843
83,7.4941354375,0.0,0.8530201342281879,0.05063385533184192,0.00488441461595824,0.010328113348247576,0.010589112602535422
84,5.181001999999999,1600.0,0.9061572968670863,0.05585702915852688,0.003907097894508357,0.0057159395123363,0.010274220389262716
85,2.42575,0.0,0.9181532807595132,0.05926039353801394,0.004211009876732256,0.009800168440395069,0.0113314447592068
86,3.70337559817068,1550.0,0.873861137291863,0.049560163367891916,0.007382972038956959,0.013509267986176562,0.009110901665095822
87,3.384210869565217,0.0,0.913512218495448,0.062170579779587926,0.005749880210828941,0.010541447053186392,0.010661236224245328
88,3.3292004,1800.0,0.8834980473408536,0.0400314657809632,0.006030941351280483,0.008128660082160651,0.008303469976400664
89,3.0811366000000002,0.0,0.8934788745647878,0.044885668580031984,0.006963395125623412,0.009409993413004613,0.00988049308365484
90,2.007138105263158,0.0,0.8837377560106857,0.049532502226179866,0.0036731967943009797,0.012466607301869992,0.010073463935886021
91,3.9362757777777775,0.0,0.9118170266836086,0.05252011859381618,0.002964845404489623,0.011181702668360865,0.00940279542566709
92,3.619607843137255,1600.0,0.8835807050092764,0.04359925788497217,0.0053339517625231895,0.008928571428571428,0.00939239332096475
93,3.2956958666666667,0.0,0.907963148773146,0.05910790841922831,0.0032381647359299463,0.008255039678920004,0.01090030101249658
94,4.358452,0.0,0.9317309634417288,0.05643696510426328,0.00444354675823066,0.005857402544940416,0.012883124383500031
95,2.5001290000000003,850.0,0.8677248677248677,0.04318604318604319,0.007007007007007007,0.006721006721006721,0.01001001001001001
96,1.0,1100.0,0.8834980473408536,0.04168620463284254,0.006517865516271218,0.00515802307043046,0.00928444152677483
97,2.570705333333333,1600.0,0.8483545804921435,0.05010376519418915,0.003112955825674474,0.011414171360806405,0.007856507560035577
98,3.112945333333333,1100.0,0.9222760069412732,0.0470362590190885,0.0027399762535391357,0.008402593844186684,0.010503242305233355
99,2.150158538276296,0.0,0.9048635462722976,0.056258576002439394,0.0060984906235706645,0.011129745388016466,0.013797835035828631
100,4.8650798278339575,1900.0,0.9102564102564102,0.06207004377736085,0.006253908692933083,0.007608922243068584,0.010006253908692931
101,2.8769045454545457,0.0,0.8967302452316076,0.057493188010899185,0.0027247956403269754,0.005449591280653951,0.017438692098092644
102,4.6742566666666665,0.0,0.9047927461139896,0.05424222797927461,0.00550518134715026,0.008905440414507772,0.016515544041450773
103,4.4976522,1300.0,0.8966715435259692,0.06373445501097294,0.003566203365032919,0.008412582297000731,0.012883124383500031
104,4.72626,0.0,0.8975265017667845,0.058934881373043924,0.007950530035335688,0.009843513377082282,0.009591115598182737
105,5.735174907867553,1200.0,0.9179843842267568,0.047240994685388095,0.004396037005445837,0.011022898759923893,0.012335148612295779
106,2.9498137931034485,0.0,0.8840782875936809,0.047413270578702565,0.005445624629320106,0.008626732086051652,0.009165902841429879
107,3.8400168,0.0,0.8834980473408536,0.04956468611577822,0.004353138842217811,0.007560714831220406,0.012219337100962274
108,3.213850583333333,0.0,0.9053853019934544,0.060823734432779365,0.005100522803587367,0.008585880052705403,0.011518680664768138
109,4.1718373029080364,0.0,0.901358860097926,0.04830280024206415,0.005391428728613082,0.010534567047441773,0.007977113935192827
110,3.5950141843971632,0.0,0.8543622848200313,0.06132629107981221,0.003129890453834116,0.008900625978090767,0.007531298904538341
111,4.8650798278339575,0.0,0.9050507900677199,0.05643696510426328,0.00416196388261851,0.01163939051918736,0.012883124383500031
112,5.4368859090909085,1800.0,0.8792498152254251,0.06263858093126386,0.004249815225424981,0.008592017738359202,0.010994087213599409
113,7.11729,0.0,0.9099961330239752,0.04756380510440835,0.007057231245166279,0.009377416860015468,0.013147718484145398
114,3.17350542,0.0,0.9043224536879962,0.05913686639071724,0.008990975096695393,0.010534567047441773,0.009160616136255684
115,3.8735746,0.0,0.8979907264296755,0.04656105100463678,0.0050231839258114384,0.011978361669242658,0.011591962905718702
116,2.3534359523809525,0.0,0.890672535439187,0.05087707942261635,0.005307786911774225,0.009450449867305328,0.012816363518674349
117,2.0744170588235296,1400.0,0.8619866284622731,0.04498567335243553,0.007927411652340021,0.011556829035339064,0.011938872970391595
118,4.695581400000001,0.0,0.9114844227244959,0.05064141722663409,0.0064752596212584,0.006414172266340868,0.011789859499083687
119,1.3333333333333333,0.0,0.8976172491931608,0.0517750463503399,0.009201400810272608,0.007484721554624735,0.00892673212936895
120,2.196988053333333,1700.0,0.9063154744088596,0.05335228973361269,0.006360371146363364,0.01556420233463035,0.01608799760550733
121,4.352215666666667,1500.0,0.9034766697163772,0.06312900274473925,0.0064043915827996355,0.008691674290942359,0.011436413540713631
122,2.2962963333333333,0.0,0.8919939577039275,0.0518990073370738,0.00927924039706517,0.008847647820457489,0.011868795856711264
123,3.9533444776119397,0.0,0.9163696643182759,0.05528387898881061,0.005967675093244924,0.014007459593866557,0.015084956485702444
124,2.585507466666667,1600.0,0.8941840277777777,0.061979166666666675,0.003125,0.009375,0.013107638888888893
125,1.0294771241830063,0.0,0.9097319787971068,0.05643696510426328,0.006392694063926941,0.010534567047441773,0.012883124383500031
126,2.4244543373493976,0.0,0.8654241371979307,0.03933101835447523,0.006165402877188009,0.005244135780596698,0.007441003472468286
127,2.9024136312849156,0.0,0.8681934342441517,0.04560644780813839,0.0057990957342244935,0.007863180656575585,0.00796147041478278
128,5.555218166666666,2400.0,0.8976366843033509,0.05375661375661376,0.004514991181657848,0.01037037037037037,0.012345679012345678
129,4.945218166666667,1250.0,0.919701077001978,0.05209172833174591,0.004176130119422668,0.01055022345959411,0.010770019781668987
130,2.0811074482758616,0.0,0.8983020712952262,0.05147124188816784,0.006311672148635436,0.009245266245888523,0.014934660858743
131,1.894947527444576,0.0,0.8816997943797121,0.04934886908841672,0.004295179346584419,0.012519990861320541,0.008361891706648389
132,3.2157305043244064,0.0,0.9165127447358701,0.049747568033493415,0.0048023642408570365,0.008250215490703115,0.012190616919098634
133,4.445895666666667,0.0,0.9025234025234026,0.06552706552706553,0.007733007733007733,0.007529507529507529,0.013227513227513229
134,4.333333333333333,1100.0,0.9156447417316984,0.05973615756224453,0.005574136008918618,0.009011519881085098,0.01244890375325158
135,4.133406833333333,1500.0,0.8890986908358509,0.05929003021148036,0.008937562940584091,0.008559919436052367,0.00944108761329305
136,3.3052307547169817,1700.0,0.8841388803915571,0.0490211073722851,0.002906087488528602,0.009024166411746713,0.011471397981033957
137,5.4004915662650586,1300.0,0.8877839822534995,0.04926183737474184,0.004054157423697698,0.011703511053315995,0.012927407634054922
138,5.281344666666667,1200.0,0.9228748358040908,0.05685869769187465,0.004691311690748734,0.010534567047441773,0.012883124383500031
139,5.031584,0.0,0.9168443496801706,0.06849680170575694,0.003464818763326226,0.01199360341151386,0.01732409381663113
140,2.2695068757464014,1700.0,0.8939474148579495,0.04817363684489148,0.003646844303276278,0.0075877889535909656,0.00929357096641374
141,4.6968078,1600.0,0.8904927284566964,0.053397004558280885,0.0037985673974386797,0.005752116344692857,0.01486867809854569
142,2.711872692307692,2300.0,0.8834715470403203,0.05161567057477838,0.004432370603374321,0.0087217615098656,0.012296253931941665
143,2.6998105714285714,0.0,0.9015407741450584,0.04885381435550545,0.002755856194413128,0.0080170362019291,0.011273957158962795
144,3.768065692307693,0.0,0.8918879803169549,0.054056009841522534,0.0033287502713655113,0.011071712859107026,0.011288805268109126
145,4.365157599999999,1800.0,0.8776280873647683,0.04837721984078383,0.007654623392529086,0.010614411104307,0.012247397428046541
146,1.8358322033898304,0.0,0.8894391953672661,0.04853703139286803,0.0021334958854007926,0.010534567047441773,0.01264858274916184
147,3.865883535353536,2000.0,0.893852416240476,0.050829767247677696,0.0062623943220958146,0.010019830915353304,0.011898549211982048
148,1.0,0.0,0.9310100580818812,0.05411531378382207,0.003683241252302026,0.009774755631109222,0.01289134438305709
149,2.857390626811428,0.0,0.9148028000682944,0.05070855386716749,0.004609868533378863,0.008878265323544476,0.017073587160662457
150,2.0440775471698114,1300.0,0.8726643041237113,0.052432345360824736,0.006926546391752577,0.010228737113402062,0.009262242268041235
151,3.5415584415584416,1400.0,0.9089689107582196,0.04708118989040483,0.006038917468127935,0.0074368150301945875,0.009337955714605236
152,5.009947447447448,0.0,0.9074290572855775,0.05330003188436603,0.005951748326070783,0.00823679455840153,0.0124349027526836
153,4.042591343283582,1500.0,0.9024979009235936,0.049853064651553314,0.003988245172124265,0.0053526448362720405,0.008816120906801008
154,2.959999427999924,0.0,0.8834980473408536,0.04812474794999328,0.00443608011829547,0.005108213469552359,0.007259040193574404
155,3.1155844155844155,1300.0,0.9041127541589647,0.04540203327171904,0.003927911275415897,0.0062384473197781894,0.01282347504621072
156,1.8366217297297296,0.0,0.879259388038943,0.05154728789986092,0.00791029207232267,0.010083449235048678,0.013212795549374129
157,4.15706455,0.0,0.8757406994876364,0.045087992871463575,0.006616172867008242,0.007551793272443752,0.007930496769881933
158,3.4710365107049053,0.0,0.8777487886693999,0.05106224375698845,0.0032799105478941485,0.008945210585165859,0.0096161013790533
159,2.0485754000000003,1400.0,0.8896400874925432,0.04802147544243388,0.0045734738516603705,0.005965400676078743,0.009246371047922052
160,3.890629420289855,1200.0,0.9000479003672361,0.06211080951620629,0.008622066102506784,0.007664058757783809,0.013412102826121666
161,4.8650798278339575,0.0,0.9060451088381852,0.0464857067925518,0.007277734067663256,0.010534567047441773,0.012916338840807765
162,2.733700933333333,1000.0,0.8660752306600425,0.05166784953867992,0.003903477643718949,0.006671398154719659,0.00915542938254081
163,2.298457727272728,0.0,0.9258610624635144,0.05242265032107414,0.005253940455341506,0.004553415061295972,0.013076474022183305
164,2.43,0.0,0.8820768136557611,0.05291607396870555,0.005049786628733997,0.0054054054054054074,0.010241820768136558
165,4.8650798278339575,0.0,0.8961488060570763,0.04935934769947583,0.004331683168316832,0.006479324403028538,0.005569306930693069
166,7.0057937753721236,1400.0,0.8955247907276239,0.050466838377334185,0.0029781068898905344,0.007244043786220219,0.01134900193174501
167,2.5245901139478653,0.0,0.8954390319578033,0.04343779087806392,0.0069293618781673385,0.007136208501396216,0.010652601096287104
168,2.64204768,0.0,0.8651178918169209,0.05192441054091538,0.0054611650485436895,0.009968793342579751,0.012222607489597779
169,0.2832230556912897,0.0,0.8814591145960162,0.0543515316807091,0.002386402376661959,0.0035552525203331217,0.006233867432912872
170,4.8650798278339575,0.0,0.9065809554640892,0.060583637793090686,0.008971928039587476,0.010729316006104607,0.015076538870646998
171,3.710239041916168,1200.0,0.8961061436400346,0.05866743582347851,0.004384193827516585,0.011248918373233344,0.01217190654744736
172,3.673782087912088,1500.0,0.9108103418358494,0.062033663022731216,0.003990976921742147,0.008068714211348256,0.010931806350858927
173,4.9389869000000015,1500.0,0.886554979164895,0.04932392210221958,0.003911897270176035,0.004932392210221958,0.00969470193043626
174,3.5404412727272727,1700.0,0.9316457352171638,0.059654631083202514,0.004513343799058085,0.007980115122972265,0.010792778649921508
175,1.8660820381373435,0.0,0.8673715013923632,0.04927549912682305,0.002123943927880304,0.009062160758955964,0.011138905932883372
176,4.364750833333333,0.0,0.84929597100237,0.048027324689809005,0.0041823504809703075,0.006691760769552488,0.012883124383500031
177,4.8650798278339575,1600.0,0.9050602197026514,0.052940397935324485,0.004191114836546521,0.007279304716107116,0.012838046499316186
178,5.0451347386178735,0.0,0.8793872092080732,0.04855313285239524,0.004133906136013618,0.010375293831563593,0.007781470373672692
179,2.4430585,1600.0,0.8653281853281853,0.04787644787644788,0.003861003861003861,0.0061776061776061784,0.009575289575289577
180,5.410859011235955,1800.0,0.8980280038120373,0.048676783227036134,0.006964298805072942,0.010534567047441773,0.01202257898981013
181,2.44785104297914,0.0,0.910086379897042,0.04646191431812234,0.0062580724264648425,0.012651601081930024,0.01260797487130268
182,2.8343583205119627,0.0,0.8615890199110767,0.04465493910690122,0.003672917069398801,0.005316064179393003,0.010535472646433404
183,3.1646254444444444,2000.0,0.8535690006798097,0.04459551325628824,0.006050305914343984,0.008089734874235215,0.008361658735554044
184,2.2987150666666665,0.0,0.9178743961352656,0.0607890499194847,0.004589371980676328,0.00821256038647343,0.014090177133655396
185,2.3915010191082797,0.0,0.8950950286330815,0.04664287492737987,0.006888538467922649,0.01435803801145323,0.009295377209726948
186,2.9770785422222223,1800.0,0.8942966925337149,0.04618398252090712,0.004821818729752129,0.006630000753409178,0.008965569200632864
187,3.41075859375,1600.0,0.9048827652888568,0.05088228184674885,0.005922165820642978,0.011481750060430264,0.008460236886632827
188,3.9456260000000003,0.0,0.8880181480717674,0.05643696510426328,0.0062580724264648425,0.009074035883687359,0.012883124383500031
189,1.0000056533333332,0.0,0.9105032083755488,0.05065856129685917,0.004660587639311043,0.006281661600810537,0.01040189125295508
190,3.773945384025617,0.0,0.8890940423436731,0.05096011816838995,0.007385524372230428,0.009354997538158542,0.00775480059084195
191,3.6254126551724135,2700.0,0.940099566404368,0.05251324875541995,0.004576842781435683,0.005058615705797335,0.009233981050264977
192,5.09054,1500.0,0.9129559911722706,0.054524211346228736,0.0049331429313254575,0.0062313384395690005,0.011813579125016228
193,3.1328653658536587,1100.0,0.8911392405063291,0.04388185654008439,0.003978300180831828,0.0059071729957805895,0.011091018685955394
194,5.3588853191489365,0.0,0.9301990193250648,0.058840496106143635,0.004038073262186328,0.008653014133256417,0.014998557830977791
195,4.859889794139268,0.0,0.8932806324110671,0.04552429667519182,0.006975122064636131,0.0106951871657754,0.009207161125319692
196,5.4840808,0.0,0.9151486739887492,0.05866595231717117,0.0071658183766407715,0.005089740155371015,0.009375837128315028
197,3.7708166666666663,0.0,0.8616342164060007,0.0524257899776572,0.0033514203638684965,0.003830194701563996,0.010932014044047237
198,2.21626856,0.0,0.9270794128716596,0.054949190816710576,0.005551373729770418,0.008656379375235227,0.011479111780203236
199,2.8219362,0.0,0.9097319787971068,0.05643696510426328,0.008634288086342881,0.010534567047441773,0.012883124383500031
200,6.98851385,0.0,0.9169103148160741,0.05072414496498266,0.0062555245801319105,0.01101516284762358,0.011695111171550962
201,2.8382982666666665,0.0,0.9244011294289096,0.05455870297841334,0.00637580836141725,0.007286638127334002,0.009654795518717552
202,3.1756207692307687,1450.0,0.8834980473408536,0.04806242795069611,0.006118648576749135,0.006473352842067926,0.009754367296266737
203,4.639932352941177,0.0,0.9031890660592256,0.06280507647250244,0.004718516108037748,0.008460787504067686,0.012883124383500031
204,4.8650798278339575,1050.0,0.8834980473408536,0.05106445599921515,0.004954380457176493,0.005935445894241146,0.010006867458059452
205,3.733661434599156,1450.0,0.8834980473408536,0.05263157894736842,0.005482456140350878,0.0065212373037857796,0.01183056325023084
206,3.9265983999999996,0.0,0.9072666195190948,0.051538189533239034,0.0040664780763790655,0.007867751060820367,0.01166902404526167
207,4.3804010324986455,0.0,0.8571228365216172,0.05724896643542849,0.004134258286034614,0.00805830004905052,0.015205661831686637
208,5.1115949999999994,0.0,0.8954426639390841,0.045061938856688265,0.00431867257642914,0.00823957267871349,0.01255824525514263
209,4.20914025,0.0,0.9144979167924642,0.04709860515669344,0.0062580724264648425,0.005253305959785037,0.011050057363685771
210,4.8650798278339575,0.0,0.9026073004412356,0.05455274769354192,0.003289209787404733,0.009546730846369835,0.012113918973124749
211,4.399302428571429,0.0,0.9096696490020648,0.054026152787336544,0.004559532002752925,0.008516861665519614,0.010925671025464555
212,6.854330166666666,0.0,0.8834980473408536,0.05457290767903365,0.00719010641357492,0.007765314926660914,0.010209951107276388
213,4.157161194029851,1500.0,0.9097515236755744,0.05086732301922176,0.004453820909517112,0.007735583684950773,0.010607126113455228
214,3.422676714285714,750.0,0.8887504449982199,0.05215379138483446,0.003381986472054112,0.005873976504093985,0.011480954076183695
215,1.0,0.0,0.8733999375585388,0.04253824539494224,0.00561973150171714,0.004683109584764282,0.009444270995941305
216,3.2618226000000003,0.0,0.90330018734688,0.05245712638708748,0.0027381467070183023,0.010376134889753566,0.0135466205505116
217,6.265344571428572,0.0,0.8953922789539228,0.05180572851805729,0.0049813200498132005,0.008302200083022002,0.01112494811124948
218,4.157216574585634,0.0,0.8935024203995364,0.05843049021613145,0.005658962296311448,0.012476989159337287,0.010499761369059795
219,2.11090576,0.0,0.9237203077952492,0.05297200847552136,0.007193041150886584,0.008419761347161816,0.009925281588045056
220,2.9552865048543686,0.0,0.888193668528864,0.059217877094972074,0.0046927374301675975,0.010502793296089384,0.012737430167597765
221,5.4677352,1250.0,0.8876387969703655,0.05323920876535039,0.005073902492830355,0.008235899698507243,0.0138245459224943
222,5.5459934375,0.0,0.8696389757726767,0.04750039760377458,0.0057254943540264005,0.009542490590044002,0.009224407570375869
223,5.92847123076923,2000.0,0.9080226904376012,0.0619935170178282,0.009319286871961102,0.006888168557536468,0.015397082658022691
224,1.8275168000000002,1600.0,0.8939224459358688,0.05164056674123788,0.005219985085756898,0.007736763609246832,0.011651752423564504
225,2.80892256,0.0,0.8834980473408536,0.04226655102630818,0.0026019080659150052,0.009193408499566348,0.009193408499566348
226,5.0757702160118425,1400.0,0.9252093901144272,0.049132947976878616,0.0065471275215288425,0.006193228736581338,0.012327474342338092
227,1.8802385853451928,2100.0,0.9053254437869822,0.056038983640793585,0.006891750783153498,0.013087365123564218,0.011277410372433
228,5.3449196,0.0,0.8874254354569315,0.05478406108327368,0.005869720830350753,0.010928179432116441,0.00868527797661656
229,6.325941788617886,1800.0,0.8492231880090343,0.04441858873451509,0.004174936691533776,0.0075285743617822184,0.011087536787351995
230,4.005873830155979,1400.0,0.9066388599235314,0.05192909280500521,0.0046576294751477215,0.010358011817865831,0.012095933263816477
231,5.612354951190717,1600.0,0.9043416594437004,0.041761878496572376,0.005358127807107399,0.006067291781577496,0.011898195571664959
232,6.210583510848126,0.0,0.8785879070765599,0.05434840924942325,0.004023821020441011,0.008262245828638876,0.009871774236815279
233,4.405614976,1600.0,0.8818950364108145,0.054114003515526914,0.006235875115091655,0.009123629363020006,0.011927680589269272
234,3.9698481176470586,0.0,0.8837372002798448,0.04719201170260128,0.004642879857533549,0.009222158621128284,0.00896775424537302
235,4.3866448,0.0,0.8834980473408536,0.04708577246118605,0.006235683379994909,0.009162636803257828,0.008399083736319674
236,4.4468852,0.0,0.9141839762611276,0.055074183976261126,0.005934718100890208,0.009376854599406528,0.01744807121661721
237,4.908515777777779,1300.0,0.9017438589911868,0.057003562722670174,0.00562535158447403,0.008250515657228577,0.011625726607912995
238,4.352582,1600.0,0.8535250823164827,0.04435405771838079,0.0045031958163858216,0.007214797598295564,0.010071663761379043
239,1.39701728,0.0,0.8743794326241134,0.05638297872340425,0.004609929078014184,0.010372340425531914,0.008865248226950355
240,5.513990643678161,0.0,0.9201557935735152,0.05932674920016692,0.006537766031436918,0.01394491584365002,0.01081513423285575
241,3.4693638,1900.0,0.8950837192732455,0.04660966631041444,0.0057594109963187284,0.011103194394964969,0.01187507421921387
242,2.9819815384615387,0.0,0.9118560565492128,0.055049801863553606,0.004605333618935418,0.007497054728499519,0.013387597729463423
243,1.8832534500784768,0.0,0.8551597051597052,0.0414004914004914,0.0029484029484029483,0.004484029484029485,0.0068796068796068794
244,5.15151752,1150.0,0.907299084435402,0.04940233977619532,0.005722278738555442,0.008329094608341811,0.01201678535096643
245,2.8248920642791906,800.0,0.8897551334138575,0.04183595036784892,0.006258921708575821,0.009004062808828374,0.010651147468979905
246,5.8482648298506845,0.0,0.905302533140832,0.047709673185457414,0.006037537734610843,0.007415671347945925,0.012075075469221685
247,1.75,0.0,0.8972251764478392,0.035192884076186794,0.0047375036256405295,0.0056076573527989925,0.00908827226143285
248,3.446204195804196,1400.0,0.8923897237033447,0.05380513814832768,0.005392632089190499,0.00848279205041202,0.01054289869122637
249,2.9278181676540904,1700.0,0.9039150630391506,0.06038487060384873,0.005706702057067021,0.011147976111479763,0.012342402123424022
250,4.783676,0.0,0.8994409008583353,0.05457122608079376,0.006614694070399244,0.00881959209386566,0.009685802031656036
251,2.6927686075949366,1300.0,0.9078433241208425,0.04145620890117222,0.0062580724264648425,0.007242923853997905,0.01000667111407605
252,4.857241840389003,0.0,0.8951762523191095,0.04558706599522926,0.006360985952822688,0.00596342433077127,0.009673999469917838
253,4.166666666666667,0.0,0.8876374363100027,0.0498793242156074,0.008313220702601234,0.014481094127111824,0.009519978546527221
254,2.675028340425532,0.0,0.9118375433382864,0.052934621099554234,0.0036527984150569602,0.005386329866270431,0.0079247152055473
255,3.895600684931507,1050.0,0.8604365544576564,0.04828895215765087,0.004354379500921119,0.009434488918662423,0.01256071009881092
256,3.491242626900197,0.0,0.8834980473408536,0.0460710944808232,0.006158403492360461,0.006937948238228874,0.014109759900218273
257,4.8650798278339575,0.0,0.905529361337334,0.05375053579082726,0.005829404200600086,0.011915987998285471,0.012430347192456065
258,7.5228042,0.0,0.9132947976878611,0.0567681822103356,0.005952894487102062,0.013372444137693038,0.011301872142179276
259,2.33417903930131,1500.0,0.9020332717190388,0.045370525962023185,0.0062580724264648425,0.008738027222315578,0.011930767938161651
260,2.548589565217392,0.0,0.8915938130464022,0.05245460659045057,0.007531943510423672,0.01304640215198386,0.009818426361802286
261,4.301513,0.0,0.9128194558944766,0.05461665292662818,0.0041220115416323155,0.00989282769991756,0.013946139049189338
262,3.4975354666666667,0.0,0.8887908208296558,0.04652628924473585,0.005610893960408522,0.012041356701550876,0.009834825368805951
263,2.5787793333333333,0.0,0.8933050847457628,0.03889830508474576,0.005508474576271186,0.009915254237288135,0.009491525423728813
264,4.8650798278339575,0.0,0.9027581592446658,0.05003345476172776,0.0051297301315887285,0.006467920600698833,0.01204371422199093
265,4.8650798278339575,1900.0,0.9154710887522514,0.05713930811750824,0.00689398174026458,0.007328737345506491,0.010558350413017824
266,4.8650798278339575,0.0,0.8937129039349307,0.05270389096504726,0.004671356342053199,0.012530226423389756,0.009507584084414156
267,2.6126362857142857,0.0,0.8872274143302181,0.055347871235721706,0.0069055036344755965,0.010643821391484943,0.011993769470404984
268,6.979164999999999,1700.0,0.8937317110734637,0.05010524154217362,0.0036449509728425492,0.012937009086708764,0.007957287335078805
269,1.9644417391304347,0.0,0.8981529432073192,0.041688244432936304,0.005006041774555498,0.006732263076126359,0.00958052822371828
270,4.388728648648649,0.0,0.9012434672914038,0.0630744278248333,0.004865741575058569,0.010632546404757614,0.012883124383500031
271,4.554213518518519,1350.0,0.9102101464657184,0.06813839949055403,0.006155805561451921,0.010613457864572278,0.012883124383500031
272,4.4120029999999995,0.0,0.9035629062782852,0.05768123097177651,0.0036205052250473132,0.014564305109849419,0.009215831481938616
273,4.176987391150632,0.0,0.9180648481729284,0.059598558929490474,0.0062580724264648425,0.007617086978898609,0.010910962429233144
274,3.1238580000000002,1600.0,0.9138790680808628,0.055751971716072886,0.005711177590426979,0.011331701568307498,0.011694316018493335
275,4.082449286846277,2900.0,0.8772319521571977,0.04604869713797522,0.004613413071337036,0.010534567047441773,0.011362665527552327
276,5.458876698014629,0.0,0.8754408238115391,0.04288334038651432,0.004231908590774439,0.00860488080124136,0.009310198899703769
277,3.3306986057142858,1700.0,0.8992576882290562,0.046583850931677016,0.005453719133464628,0.011589153158612331,0.009165277988183607
278,2.723932571428572,0.0,0.8769180003299786,0.04933179343342683,0.0028048176868503546,0.008249463784853984,0.01072430292031018
279,3.2872663043478263,1900.0,0.8952708100335517,0.04817063428662725,0.0039143633168237735,0.00822815146189487,0.010784470362677745
280,3.439104,0.0,0.9221532512465656,0.06573725450290017,0.0064109087208710685,0.007835555103286863,0.008853159662155288
281,2.565005257142857,0.0,0.8979003705228489,0.04610951008645533,0.006484149855907781,0.007307533964594483,0.010189378344997942
282,6.196441111111112,1600.0,0.9098450120061122,0.0550098231827112,0.005893909626719057,0.007421960270683256,0.012006112202575856
283,4.206828793774319,2000.0,0.8784248474764281,0.04891846921797005,0.005324459234608985,0.007875762617859123,0.011425402107598449
284,3.28862912,0.0,0.9099518459069019,0.058266452648475124,0.004012841091492777,0.013804173354735152,0.014285714285714284
285,2.5466119166666665,0.0,0.8908994145822245,0.048348139353993534,0.004298522127154378,0.008678920866254554,0.008310476112498464
286,4.8650798278339575,0.0,0.9042027770012114,0.04528934861615879,0.004193458205199888,0.00969154785201752,0.008946044171093095
287,3.1684083999999997,0.0,0.8876490689727317,0.05042192621521724,0.003417253643908221,0.0068345072878164435,0.012901876002510635
288,4.800957037037037,1700.0,0.8447257937549201,0.04237732878509577,0.003279979008134348,0.009643138283914984,0.0055759643138283905
289,2.5335335999999997,0.0,0.873685055809845,0.049867501806793536,0.004256002569661929,0.0065847586926844935,0.006905966433791055
290,3.0473164361702128,1850.0,0.8508434680266771,0.050921930168693605,0.0043938799529227145,0.010513927030207924,0.009101608473911338
291,3.6336906216354055,0.0,0.8921335755204695,0.05276885100833683,0.004191700433142378,0.009640910996227471,0.011457314517255832
292,3.6603772901958007,2200.0,0.8729653346689086,0.05834794118699245,0.006761349407934747,0.010534567047441773,0.010481880299073446
293,3.257192,0.0,0.8742904324491692,0.05284343069460213,0.0030962947672618433,0.004954071627618949,0.008153576220456187
294,2.54,0.0,0.8934467233616809,0.055152576288144066,0.005002501250625313,0.008254127063531767,0.013631815907953976
295,2.772191006423983,0.0,0.9096733441617036,0.051885941165854536,0.00568489442338928,0.006587258617578054,0.015881609817722433
296,3.1466966,1400.0,0.933779119930975,0.06140350877192983,0.007981018119068163,0.007765314926660914,0.014955421340235838
297,6.6943877999999994,0.0,0.8826347305389222,0.0618399564507349,0.0038649972781709314,0.0110506260206859,0.011486118671747416
298,2.6060000000000003,0.0,0.8474770642201835,0.047413270578702565,0.005925076452599388,0.007262996941896025,0.011850152905198776
299,3.718074375,1100.0,0.895955642530985,0.05563030006523157,0.005789302022178734,0.010534567047441773,0.012883124383500031
300,4.480451272727274,0.0,0.90903131266389,0.055414160111059686,0.0070183556995218254,0.008637976245565325,0.009524911306493907
301,3.8319411950670212,1200.0,0.9031224979983988,0.04583666933546837,0.0040032025620496394,0.008807045636509208,0.011709367493995195
302,0.43661313989637307,0.0,0.8950313950313951,0.04627354627354628,0.004982254982254982,0.008394758394758395,0.012558012558012558
303,3.6556055,0.0,0.9052386495925496,0.05296856810244471,0.005355064027939465,0.007101280558789291,0.010593713620488941
304,2.1246312727272727,0.0,0.8872864085279825,0.05580812039504625,0.0034488164289073523,0.0065841040915504,0.010189684903589905
305,6.961316166666666,0.0,0.9172448979591836,0.055612244897959184,0.0063265306122448975,0.00806122448979592,0.012959183673469387
306,3.4991220000000003,0.0,0.9109493572866656,0.05807650611739198,0.006194827319188478,0.008982499612823292,0.014557844200092922
307,4.298606266666667,1800.0,0.8816788894709272,0.047407019381875325,0.003797799895233106,0.007268203247773702,0.00857778941854374
308,4.8650798278339575,0.0,0.9061697658134288,0.05897455846883996,0.006146424959153505,0.006224227806737728,0.009725355948027698
309,4.156215203021719,800.0,0.8453032742887815,0.04272678475577026,0.003972088030059044,0.003757380568974772,0.00880300590445518
310,3.3794776,0.0,0.9099920246097756,0.057422809616041924,0.007861456078386692,0.007861456078386692,0.016178648741027687
311,4.8650798278339575,1300.0,0.8831610253505169,0.04517773686446679,0.002974082991077751,0.0077892649766322045,0.007364395977906812
312,2.848424807692308,0.0,0.8945548833189283,0.053682896379525585,0.0035532507442619797,0.011524056467876692,0.00950734658599827
313,1.406943619047619,0.0,0.9066179934055582,0.049222797927461134,0.005534620819594913,0.006241168158266604,0.010009420631182287
314,4.764474111111111,1550.0,0.9066563997262148,0.04680013689253936,0.005903490759753593,0.009240246406570842,0.010352498288843258
315,3.5365954411764697,1100.0,0.9325701740630392,0.05559040301082013,0.006821389368041399,0.011604202603104907,0.01458366002822644
316,2.3311032916220658,0.0,0.8916808411937529,0.048863460646358436,0.009200556672336477,0.01399412401422607,0.010437606308953143
317,2.4947708,3100.0,0.9044228513988944,0.051767465237058136,0.005361031998659742,0.011140894622214776,0.011475959122131013
318,2.9381557999999997,1500.0,0.8784212381064255,0.05685422295313052,0.003993891695054623,0.008927522612475038,0.008340185598496417
319,5.694773226104536,0.0,0.9071647752179632,0.05908138911889337,0.0062580724264648425,0.007111197701037454,0.012883124383500031
320,7.244693053892216,1200.0,0.859006734006734,0.04475308641975309,0.0031565656565656565,0.005611672278338946,0.00968013468013468
321,2.65742024,2200.0,0.8885539954421818,0.0580754245387047,0.0023524222597956328,0.006542674410056605,0.008895096669852238
322,3.992696933333333,0.0,0.9010812975570685,0.057068482178614335,0.004505406487785343,0.008109731678013616,0.012715258309971968
323,4.4275496428571435,1300.0,0.9006447054667491,0.0454826459418882,0.0024728428861609114,0.0111277929877241,0.010244634814095205
324,1.6149783375864208,0.0,0.8880474666250293,0.04598329299711141,0.004528066203450699,0.009368412834725585,0.011866656257319072
325,2.7566539772727268,0.0,0.8808220265016266,0.04364040307863208,0.006903118305165437,0.00983892723954614,0.008410695866063635
326,5.274146400000001,0.0,0.9118345201763308,0.05436871255792925,0.006329829320673675,0.010534567047441773,0.013111789307109756
327,4.5258559440559445,0.0,0.8749564914723286,0.04751131221719457,0.006091193873999304,0.010355029585798816,0.010964148973198749
328,3.600750833333333,2900.0,0.8732986052764241,0.0451184674844564,0.005713325491514031,0.010166358595194084,0.01235086540077298
329,2.6139382417582406,0.0,0.92242160594526,0.05555555555555555,0.004531448250860975,0.007431575131411999,0.012688055102410731
330,3.70337559817068,2300.0,0.9097319787971068,0.05643696510426328,0.0062580724264648425,0.010534567047441773,0.012883124383500031
331,3.9133134,0.0,0.923053104195696,0.061542034370645614,0.005341384115188109,0.0069670227589410105,0.01315993187799969
332,7.585110787878787,700.0,0.9283873738458236,0.05572256817693794,0.0059050891131629795,0.01277646553575263,0.010951256173502255
333,3.7958528333333335,0.0,0.8717105263157895,0.04986149584487535,0.004414819944598338,0.006578947368421052,0.00796398891966759
334,4.5615112,0.0,0.9161340306023628,0.0610110400929692,0.003680030989734651,0.006585318613209375,0.015107495642068562
335,3.3389026,0.0,0.8932266759412225,0.05686462046778541,0.00452134596991566,0.00852099817407182,0.011825058690548649
336,2.1186119999999997,1000.0,0.9100676001931434,0.05432158377595365,0.006760019314340898,0.008087880251086432,0.013399323998068566
337,4.042221779661017,1900.0,0.8834980473408536,0.03497751445499322,0.004782639731601114,0.006567206795631379,0.007852095081733172
338,2.886028118193322,0.0,0.8896263520157326,0.04703375942313996,0.0062580724264648425,0.012700753851196327,0.012618813503769257
339,4.569180333333334,1300.0,0.8941524796447077,0.051320009869232665,0.0050579817419195644,0.006291635825314582,0.014187021959042685
340,3.4710544086021504,0.0,0.8985321528424977,0.05643696510426328,0.004659832246039142,0.007455731593662628,0.014911463187325256
341,3.456639583333333,1300.0,0.8804563099104808,0.04998811692941457,0.003089598352214212,0.008001267527529114,0.009744117880060207
342,2.901136363636364,1000.0,0.8695173021820586,0.04573506722503857,0.002975534494159136,0.005730659025787965,0.01410623760193961
343,4.092857142857143,0.0,0.8871966697126612,0.06335668595796527,0.006193522184993401,0.008731850949334955,0.013402375875723424
344,6.17774625,0.0,0.8871333798882681,0.05647695530726257,0.004800977653631285,0.006546787709497207,0.009689245810055864
345,4.9645991875,1400.0,0.8536264041048398,0.04444598530023575,0.004229649147136321,0.010054084038274859,0.0114408542504507
346,2.776738909090909,0.0,0.9084421235857268,0.048389904264577885,0.0053089643167972145,0.013141862489120977,0.012967798085291558
347,4.8650798278339575,1400.0,0.9157754010695188,0.057768083309878974,0.008373205741626795,0.0053475935828877,0.010976639459611595
348,5.497347961783439,0.0,0.8834980473408536,0.04112188080016498,0.004578263559496804,0.008785316560115488,0.009032790266034232
349,3.2074949896252507,1500.0,0.8665075576770087,0.04502784407319013,0.003712543092018033,0.005727923627684964,0.00896313975072925
350,7.142857142857142,0.0,0.8901812432951273,0.04658122071029304,0.006323753599457964,0.011631189656145898,0.01451075602732765
351,5.667948733333334,0.0,0.9270352633870266,0.0522420548541576,0.004527644754026992,0.012015672616456249,0.010970831519373095
352,3.555127753838053,0.0,0.8870064713153494,0.05635134152548535,0.0034174361957391114,0.0038537046462589976,0.013015342107176616
353,3.354458787878788,1750.0,0.8879107380489303,0.04514279864878698,0.002968574060804586,0.004606408025386428,0.008189169822909202
354,3.7097103296703295,1700.0,0.8536395862671782,0.04069343951828292,0.0046617782741708354,0.007381148934103822,0.008012431408731122
355,2.7812360000000003,0.0,0.9192871043736556,0.0504967735327256,0.006555362081327461,0.005428659223599304,0.010037898187032674
356,4.8650798278339575,2800.0,0.8866430506355492,0.04403695214280754,0.0044453705633118006,0.007779398485795652,0.01139126206848649
357,5.4575,0.0,0.8955267517785791,0.04707143553259916,0.005262644966377546,0.006237208849040055,0.016567586005262647
358,1.2193877262417696,0.0,0.9141891891891892,0.06655405405405405,0.006587837837837838,0.009206081081081079,0.010388513513513513
359,6.461276503496504,0.0,0.9177637511271416,0.06618575293056808,0.008295761947700632,0.007694619777577397,0.01641118124436429
360,3.615349803921569,0.0,0.8939078482846021,0.05358920974020096,0.004707160315017653,0.009052231375033946,0.009504842943785645
361,4.8650798278339575,0.0,0.8913948431189811,0.05007766387076732,0.007455731593662628,0.006150978564771668,0.009568188878533706
362,3.8544818,0.0,0.9003457643862682,0.0574215855766856,0.005680414917263522,0.0071622622869844405,0.012842677204247964
363,4.432193139232531,0.0,0.8932165103703197,0.0472311588746663,0.004107057293449244,0.012526524745020194,0.008898624135806695
364,3.9262379999999997,0.0,0.8961931617906239,0.050052872752907984,0.004758547761720127,0.01163200563976031,0.011103278110680296
365,2.8521220588235288,1300.0,0.9114972014925372,0.06937966417910447,0.008861940298507462,0.010727611940298507,0.012943097014925372
366,3.573143,0.0,0.8866228828206014,0.05807120636017975,0.008814379536812997,0.0058762530245419975,0.012270998963014172
367,2.888888888888889,0.0,0.9342567303940694,0.060280920795942265,0.0055598907530238,0.010632071790870074,0.013655872024970737
368,3.2226823308270682,1500.0,0.8880845442536328,0.05675033025099075,0.0043857331571994715,0.009564068692206077,0.01130779392338177
369,3.5803184,0.0,0.9032846715328468,0.045924574209245735,0.00836374695863747,0.0071472019464720185,0.01338199513381995
370,3.5482057142857144,1300.0,0.899258150988093,0.061093448039399034,0.00467551898260707,0.01009912100243127,0.011221245558256966
371,3.1790912765957446,0.0,0.9029404111371324,0.05841790268019776,0.004206782895307485,0.01249024199843872,0.008196721311475409
372,4.8650798278339575,0.0,0.8909891723251973,0.06212149018168471,0.006056157093044595,0.01202055423013397,0.008166636080014682
373,2.628291,0.0,0.9258143475804932,0.05987572961777441,0.004518922990020712,0.008849557522123894,0.014686499717567313
374,3.7692856666666654,0.0,0.8482127731661867,0.049071093794115984,0.004856287763284207,0.005985657010559603,0.009543170139477102
375,4.212621846153846,0.0,0.9091451055204484,0.05329676880887088,0.005484678669369262,0.015023250268272325,0.011327053773697393
376,4.178173282064806,0.0,0.9129436325678496,0.0465553235908142,0.005741127348643006,0.009603340292275574,0.009498956158663885
377,3.0412388505747128,0.0,0.8942923127680633,0.05489937314417684,0.005872649290663148,0.010095677994061364,0.01445067634444078
378,1.8611111111111112,0.0,0.8844711177794449,0.04321080270067517,0.006826706676669167,0.0086271567891973,0.009602400600150038
379,4.9279244,0.0,0.9059297476853488,0.05138172308997102,0.0071383136617428795,0.005654109831083469,0.010248074068838786
380,4.255180966666667,2300.0,0.8986335885260199,0.04942339373970346,0.008237232289950576,0.010756856284523695,0.009593952902413024
381,6.662985406790142,1100.0,0.9205331533659524,0.05593048759912266,0.004471064619537711,0.007508014172431247,0.009279568078285809
382,4.816657833333333,1600.0,0.8845199702307119,0.06871743984123048,0.00384519970230712,0.010915405606549244,0.012883124383500031
383,7.342160588235294,1200.0,0.9191428393446708,0.05095620756244939,0.004360555659378309,0.0067277144458979645,0.009032579580140785
384,5.18263376,0.0,0.9036762106751502,0.06433368681512902,0.00335807705903146,0.010781194768469423,0.013785790031813362
385,4.5912491588785045,0.0,0.9128678592036932,0.06328140026928256,0.0062580724264648425,0.0051933064050779,0.012117714945181766
386,3.84830696969697,1650.0,0.8791283622744297,0.044262853251617294,0.005107252298263534,0.004766768811712632,0.012257405515832482
387,6.62352,0.0,0.8659649486674271,0.0614953852535518,0.004822150782951363,0.015347920771544125,0.009592450482215078
388,5.0310896,0.0,0.8900389105058366,0.060700389105058365,0.003035019455252918,0.010428015564202336,0.012840466926070037
389,2.734764708333333,0.0,0.9118621603711068,0.049784625579854205,0.004473161033797217,0.011100066269052352,0.011762756792577864
390,4.851639636363637,750.0,0.9071692003238284,0.047045066114959073,0.0038679499865071506,0.010534567047441773,0.010974183682648195
391,4.465348658415817,0.0,0.8585626111517941,0.04827910869337797,0.005387592844439795,0.010534567047441773,0.014070509467517523
392,4.1215095999999996,1300.0,0.91818665956597,0.0584476101717481,0.005125815470643057,0.007256024497403808,0.01284782319265078
393,1.7008452192287375,1600.0,0.8887383900928792,0.0445046439628483,0.00380546955624355,0.00980392156862745,0.01019091847265222
394,4.103989294800535,0.0,0.9030369194124652,0.052352123858674084,0.0055577610162763,0.01002381897578404,0.014589122667725288
395,7.543280666666668,1800.0,0.8834980473408536,0.05075006048874909,0.006169852407452214,0.009073312363900314,0.011553351076699732
396,3.240313434383701,2000.0,0.8716455865622701,0.04289633942314127,0.0043498628120190045,0.010975038479555643,0.008432041758682996
397,4.7192194410390895,1300.0,0.942510283936992,0.06320858834152704,0.006120196648941507,0.008929467241898264,0.013645028594361392
398,5.131894,0.0,0.8829873281207873,0.06443785386896737,0.005122674575357239,0.0071447829603666765,0.01105419250471825
399,4.8650798278339575,2500.0,0.8987184391736802,0.04982785003825554,0.0031560826319816373,0.0065990818668706965,0.008416220351951033
400,3.70337559817068,0.0,0.8442157558552165,0.0454222853087296,0.00532292405961675,0.008043529690087533,0.016441920984149514
401,4.227556400000001,0.0,0.9252937041871674,0.053619841349533084,0.007330053218194598,0.008836228537001707,0.01325434280550256
402,2.3163001941747567,0.0,0.9046425587778972,0.05191550304332259,0.004893185344313164,0.004177109440267335,0.017066475713092253
403,2.4697618684210525,2000.0,0.9191653659738768,0.05134313644951943,0.003614556806046168,0.00747556066705003,0.006900517538815411
404,3.2689042424242425,0.0,0.9030280852620988,0.05214527490622999,0.004482663983167139,0.01235019668831763,0.010429054981245998
405,3.1272088888888887,0.0,0.8950346841913107,0.044906900328587074,0.006024096385542169,0.00547645125958379,0.011683096020445418
406,3.1219745,0.0,0.9227215455690886,0.058798824023519526,0.00629987400251995,0.007839843203135938,0.013579728405431892
407,3.052424401048488,1400.0,0.8770179043146463,0.04617943449760297,0.004696213677722336,0.0021524312689560707,0.008707562860776832
408,4.731677936507936,1500.0,0.916555787873028,0.055185959576759806,0.0031679655325350053,0.007286320724830514,0.01159475384907812
409,4.6366949197860965,1950.0,0.8982586577969086,0.047153198982586575,0.0050870671101545676,0.007434944237918215,0.01428291919389552
410,4.8650798278339575,0.0,0.8901063998729554,0.0448626329998412,0.005002382086707957,0.00913133238049865,0.013498491345084962
411,3.1874258343742583,0.0,0.8969531665779671,0.0633315593400745,0.008781266631186802,0.012174028738690792,0.013238424693986162
412,4.866809839065521,2200.0,0.861970727538193,0.054485239129660634,0.0065880844699262855,0.010534567047441773,0.011039492895552151
413,5.3788232,0.0,0.8834980473408536,0.044966699189750985,0.006702583464132694,0.014253595214864462,0.012132524498366777
414,4.8650798278339575,1700.0,0.9026045929420828,0.062009532521303735,0.004910692792836166,0.005921717779596553,0.011939723653170286
415,3.1299492,1000.0,0.9145905240037652,0.0615625980545968,0.00671477878882962,0.012362723564480704,0.013743332287417634
416,2.7359803424657536,1100.0,0.8894947601601773,0.06679730765953823,0.0056232427366448,0.01133168612081452,0.012883124383500031
417,2.5717364705882355,0.0,0.9071197616179548,0.05889811703544031,0.006403347492550561,0.00786153553540861,0.012489697584479808
418,3.0169957142857142,0.0,0.907970529135968,0.05599464166108506,0.004554588077695914,0.011118553248492969,0.008573342263898191
419,2.1732339272727272,2100.0,0.9033327021397464,0.06324559742473017,0.00511266805529256,0.0071009278545729965,0.0071009278545729965
420,2.657794551062372,0.0,0.8886143144792239,0.054731832326560495,0.007321984257733846,0.012264323631704193,0.01070840197693575
421,3.405629718309859,1400.0,0.9201739400528032,0.05730703525392144,0.004037894082932133,0.009939431588756018,0.011803075011647773
422,3.8897828571428565,1300.0,0.8919245891722956,0.04748462546627684,0.004536747656013711,0.009980844843230164,0.009375945155761671
423,3.856155333333333,0.0,0.8652674339878131,0.04378244188670729,0.005754908598510493,0.006431956668923494,0.011961182577296321
424,2.190535875,2100.0,0.905333561996227,0.0563368204424627,0.0062580724264648425,0.0112330646544332,0.015691991082147146
425,7.330926470588236,0.0,0.8744006393180608,0.0478489611081513,0.00616009589770911,0.010534567047441773,0.0065596696856686214
426,2.4792292999999996,0.0,0.8798648149126049,0.047578813962084805,0.001953846966256536,0.00823784126313566,0.008924328035063631
427,3.671185636363637,0.0,0.8811775200713649,0.04442462087421945,0.004638715432649421,0.008920606601248885,0.007493309545049062
428,6.1812309999999995,1100.0,0.8993608139838247,0.047873728150273936,0.0058048525958779035,0.007826767545003914,0.010109574745630056
429,2.195602261904762,0.0,0.8807523510971786,0.05435736677115988,0.004576802507836991,0.011786833855799372,0.011724137931034485
430,3.7765980165289257,0.0,0.8843037340238911,0.054715562609639966,0.005012112605463203,0.011694929412747471,0.011360788572383259
431,1.0029375813953492,0.0,0.9097319787971068,0.04303554274735831,0.0038424591738712775,0.007492795389048991,0.015754082612872238
432,2.29181536,0.0,0.8834980473408536,0.04063735177865613,0.002717391304347826,0.006422924901185771,0.011240118577075098
433,3.3019043179238268,0.0,0.8521177315147165,0.04853940029819427,0.004859462145894306,0.010271135899276605,0.008780164559059032
434,7.8,0.0,0.8882774374415948,0.047554771051811856,0.004153255113695359,0.006749039559754958,0.009448655383656942
435,3.1213460410557183,0.0,0.9104900181488204,0.058584392014519066,0.007767695099818513,0.008421052631578947,0.012849364791288566
436,4.074613644859813,0.0,0.9054850270303104,0.04950495049504952,0.005770515701876936,0.011905485027030307,0.0114802891332078
437,4.164762472727273,0.0,0.9074161105367046,0.05743020960616599,0.00498167120970016,0.007613497509164395,0.009211392048124824
438,6.119055444444442,0.0,0.8506860371267151,0.05279795534032823,0.003161151466236212,0.005111649179445789,0.00739843960182943
439,4.712943653846153,1650.0,0.9057935496519948,0.06107244387805118,0.005489657876678757,0.0073522203705519065,0.012883124383500031
440,3.1068084285714286,0.0,0.9125034886966228,0.06084286910410271,0.007954228300307006,0.008233324030142337,0.013675690761931342
441,2.0354438000000004,0.0,0.8618500604594922,0.05562273276904474,0.005844417573559049,0.012494961708988313,0.013905683192261185
442,3.6673557715764185,1400.0,0.8651573013275141,0.044008001454809965,0.00563738861611202,0.009819967266775776,0.010001818512456807
443,4.89999936,0.0,0.8995191782318872,0.05239864495683532,0.004207190470986778,0.0063927439624084795,0.008960769314828981
444,3.932933006889977,0.0,0.8970417633410673,0.059628770301624126,0.004292343387470998,0.009222737819025523,0.010962877030162414
445,3.6943242857142855,0.0,0.8948993091283257,0.05556372188740261,0.0063207408496251645,0.006761722769366456,0.017051300896663242
446,7.754125714285713,0.0,0.9046655558200428,0.05355867650559391,0.007379195429659605,0.005117829088312306,0.01297310164246608
447,1.1165200000000002,1800.0,0.8614376435616808,0.045872179435211456,0.005945142548304284,0.009323064450749898,0.009863531955141195
448,2.438603705882353,0.0,0.9217515299150376,0.0597112471035589,0.005882003446022221,0.010159824134038379,0.013189947121383164
449,4.8650798278339575,1500.0,0.9137640243455304,0.0537508249615018,0.005499743345310552,0.005866392901664589,0.01253941482730806
450,2.45161246,0.0,0.9093967714528464,0.05566694987255735,0.003568394222599829,0.014783347493627868,0.012982158028887
451,4.8650798278339575,1400.0,0.9222999735938738,0.05030367045154476,0.005347240559809876,0.009308159493002377,0.011948772115130709
452,4.8650798278339575,1300.0,0.9018867924528302,0.05083659665361338,0.003488786044855821,0.006265574937700249,0.008116767532929869
453,4.2243375324675325,0.0,0.8678053967831982,0.049248969825867336,0.007776153130400107,0.008307855908547122,0.009836501395719793
454,1.7857142857142858,1500.0,0.8834980473408536,0.047413270578702565,0.005069301848049281,0.007058521560574948,0.005325975359342916
455,2.872146,0.0,0.8753894080996885,0.04825927747718205,0.004700224080450347,0.009619063234410013,0.006503798436902224
456,6.92496922,2200.0,0.8940862480685491,0.050241138736713965,0.004167251954862575,0.008568619188088216,0.011190710305754551
457,2.3579899259259256,0.0,0.8984015594541909,0.05333333333333334,0.003742690058479532,0.008966861598440545,0.010838206627680312
458,5.016554,0.0,0.91066801847471,0.03920243325447786,0.005857834854117382,0.013292779092035596,0.011490368367691788
459,6.039416380952381,0.0,0.9191826073596068,0.05124068525773988,0.0042252439118076355,0.00952600445571176,0.0115233924867481
460,2.7849414899639364,0.0,0.8880432944359885,0.042195163199729414,0.005665482834432607,0.008117706747843734,0.007525790630813461
461,3.988203833333333,0.0,0.9018844735764032,0.05817287996722655,0.003072511265874641,0.006145022531749284,0.009832036050798857
462,7.7142136,0.0,0.8817371074059713,0.048856145792943,0.003780535091120589,0.011729352462194649,0.011535478867778207
463,2.1256253,0.0,0.9076528808766348,0.04833863556026865,0.0051254860374690715,0.009013785790031814,0.017143867090844818
464,2.019167126436781,1600.0,0.8804071246819338,0.04193384223918575,0.004987277353689567,0.008651399491094147,0.007837150127226463
465,4.293349350649351,0.0,0.9076973255055448,0.057729941291585124,0.006414437921287236,0.011959121548162643,0.009784735812133072
466,3.328991818181818,0.0,0.9105639193671856,0.050905843327379435,0.005996427660117377,0.009186016841030877,0.010461852513396274
467,2.687128533333333,0.0,0.9016926602113976,0.057136521546307925,0.00724369872126543,0.013452583339492941,0.013009091581048118
468,3.641512,1800.0,0.8840114204139901,0.05258148941232453,0.006661908160837497,0.009754936949797764,0.015703069236259814
469,2.3191693203883497,1500.0,0.8890192627358952,0.03539649946220788,0.0039112154101887155,0.0065512858120661,0.008115771976141587
470,5.3924902325581385,1500.0,0.9066492304597124,0.04949200281661805,0.005834423096267982,0.007846293129463836,0.015390805753948297
471,2.282866531314661,0.0,0.8834980473408536,0.043664996420901936,0.0048317823908375105,0.007337151037938441,0.009305654974946313
472,4.781560222222223,0.0,0.9065178622792384,0.06057642524305356,0.005637691997929011,0.008456537996893517,0.012253350975090605
473,3.4570728458617594,1475.0,0.9095129499918554,0.04512135526958788,0.003827985013845903,0.006189933213878482,0.011402508551881414
474,3.773044444444445,1800.0,0.9209984912906324,0.057193800576052674,0.005623371279659855,0.007886435331230283,0.012824029625565768
475,2.9832927000000002,0.0,0.9183108341986846,0.060805353640244614,0.0040383062189915785,0.009922695280950732,0.015345563632167991
476,2.621327641901246,0.0,0.8844602609727165,0.04661921708185053,0.004033214709371293,0.009727164887307236,0.012336892052194542
477,4.069835818181819,0.0,0.9211464423214032,0.05447026949950093,0.00520461999144446,0.009696278340225295,0.012762013403678885
478,2.5433367721776863,0.0,0.9046452836151052,0.06320113762047717,0.005293095275714963,0.01271922894612103,0.012008216147890662
479,4.617135,0.0,0.9180678691531642,0.05136044023234485,0.005197187404463467,0.007031488841332926,0.012534393151941305
480,4.360412470588234,1400.0,0.8863607634938693,0.044368600682593864,0.007710782454809758,0.009606876501074451,0.010112501580078372
481,6.692642321428571,900.0,0.9146906514036522,0.05546470427909512,0.008517307168165712,0.006336876533115291,0.012401199236849278
482,2.5731872857142863,1600.0,0.8890091390091391,0.058682058682058676,0.00481000481000481,0.010534567047441773,0.00937950937950938
483,3.967125280528053,0.0,0.9181961195595176,0.0540115364446775,0.0054685744250505645,0.008539965540489924,0.012809948310734887
484,4.4912597000000005,0.0,0.8834980473408536,0.04583359070974118,0.003644449935141145,0.009883254061399716,0.010500957440237196
485,3.9374998031250095,0.0,0.8828961531924537,0.050308764375956036,0.0069117897003002655,0.007251713783921591,0.010480992578324176
486,2.4703150000000003,0.0,0.8658663109530161,0.04387135022973173,0.006817844968133985,0.01511783014673188,0.0066696309470875926
487,3.20443376,0.0,0.9003952146977142,0.05030976287118137,0.003952146977141637,0.0073702200384533215,0.010467848750267038
488,1.474435294117647,1800.0,0.9171915401445336,0.04793476098919313,0.005966982695750182,0.012199164622422595,0.01471855731618378
489,2.8715876119402983,1300.0,0.9011100832562442,0.04283071230342276,0.004902867715078631,0.01452358926919519,0.01285846438482886
490,4.8650798278339575,0.0,0.9056008146639511,0.04175152749490835,0.006211812627291242,0.009368635437881872,0.009266802443991851
491,5.872554888888889,0.0,0.923485250625616,0.0658982331083643,0.006445742018654736,0.010389019488890571,0.014180632441040418
492,3.8657127272727267,0.0,0.9008910426762544,0.04877286227919337,0.004377051743004535,0.009692043145224323,0.015788650930123497
493,3.9792976388888888,0.0,0.8963736889177982,0.039718676315147576,0.0040653711683876735,0.0071143995446784295,0.009431661110659404
494,3.81280625,0.0,0.8841244156778137,0.05564545127651924,0.004764473211075153,0.008809780654440848,0.009978425026968716
495,3.2077814583333333,0.0,0.893083354446415,0.04974242040368212,0.004898234946372772,0.010134279199391943,0.013427919939194323
496,3.033812711111111,0.0,0.9316562978991976,0.06104048327472725,0.0062580724264648425,0.007844197998377062,0.013885132089081235
497,4.971377261904761,1100.0,0.8705895365556907,0.03992921137042363,0.003097002543966376,0.00641521955535892,0.008295542528481362
498,4.8650798278339575,1400.0,0.9237544483985766,0.05124555160142349,0.0041814946619217076,0.006850533807829182,0.01005338078291815
499,3.81106992,1500.0,0.9268737424547284,0.05652665995975855,0.006539235412474849,0.008739939637826962,0.014273138832997988
500,6.5131878789449695,0.0,0.933887649563983,0.0625971743392145,0.005137565064557561,0.008990738862975729,0.010748326911377002
501,2.336781268595084,0.0,0.9137889203396684,0.054508693894055806,0.008491710473109584,0.009381318236959158,0.010028305701577032
502,2.9089218,0.0,0.8916492693110647,0.04665970772442589,0.004279749478079332,0.013361169102296452,0.010334029227557412
503,1.6246086666666666,0.0,0.8663512714370195,0.04908338261383797,0.005322294500295682,0.011038833037650306,0.0051251724817662145
504,4.521569841269841,0.0,0.8958257713248639,0.04258923169993952,0.0045977011494252856,0.005928614640048397,0.007743496672716273
505,3.4651674430471764,0.0,0.8998452419190002,0.055800508073699885,0.008263497532630596,0.01576780447922446,0.009927876894326507
506,1.6653776916451335,0.0,0.8997008120814931,0.05271406183216983,0.007622168400056988,0.006553640119675168,0.012608633708505484
507,3.0027461333333334,0.0,0.8989241223103058,0.05959796149490373,0.006370328425821065,0.006795016987542469,0.010900339750849378
508,3.4295825714285715,0.0,0.8969386119570444,0.048805898381150827,0.005770155473633595,0.011059464657797724,0.010899182561307902
509,5.06548,0.0,0.9100812824565364,0.05492210431248589,0.0048543689320388345,0.00626552269135245,0.011740799277489276
510,4.951084447217352,0.0,0.8578300921187308,0.04544524053224155,0.004503582395087001,0.007369498464687821,0.008188331627430911
511,4.3874473684210535,1150.0,0.9002014098690836,0.04743202416918429,0.003323262839879154,0.006445115810674723,0.010876132930513595
512,2.7868649300929262,0.0,0.8708197512978392,0.054569600386333454,0.005795001810938066,0.010503440782325244,0.01617771338886877
513,3.25032496,1700.0,0.90475302889096,0.05020192606399503,0.004659832246039142,0.007517862690276483,0.009940975458216835
514,3.5711901537180823,1800.0,0.8834980473408536,0.045949214026602174,0.005441354292623942,0.006218690620141648,0.01166004491276559
515,7.359511477272727,875.0,0.9055197792088316,0.050873965041398336,0.003495860165593376,0.005887764489420423,0.009475620975160994
516,4.347637546666666,1400.0,0.9272295827565752,0.05284753806604706,0.005882934546173621,0.010534567047441773,0.013001779711291279
517,4.604145384615385,0.0,0.8974845752254391,0.04698623635500712,0.006585192216421452,0.012102515424774559,0.008602278120550547
518,5.45,0.0,0.8871031746031746,0.036557539682539685,0.004861111111111111,0.005952380952380952,0.007043650793650794
519,4.8650798278339575,0.0,0.908458616446418,0.05874485046278957,0.006366700551067361,0.009576801669252582,0.00706222246000749
520,2.9117817777777777,0.0,0.9097768331562168,0.0487778958554729,0.0038257173219978734,0.008182784272051009,0.008820403825717322
521,5.1670328301886785,1550.0,0.9193274593808101,0.05512893056341444,0.0029908657343787892,0.007679249858540135,0.011235955056179777
522,6.3547390434782605,0.0,0.8662532565222177,0.04726085201629178,0.004329798554287601,0.00741202803361098,0.010530950721021538
523,2.897715088636712,1600.0,0.8918176051871168,0.05398548171118472,0.005779124674043273,0.010534567047441773,0.009021072661921209
524,5.203095766666666,0.0,0.9002886964246058,0.049374491080020726,0.0034051373158634985,0.011325782811459028,0.012658227848101266
525,2.7237403636363635,0.0,0.8867814979678731,0.04944842268240759,0.005031933423650087,0.008612347590478034,0.01064447455002903
526,4.070884137931034,1400.0,0.8881817291687065,0.04895721139723881,0.005679036522079703,0.006658180750024479,0.01155390188974836
527,4.6101767377201135,900.0,0.8626819448745742,0.052028491793124805,0.0032827500774233512,0.009910188912976152,0.011458655930628678
528,4.8650798278339575,0.0,0.8975715316181775,0.0461649434960327,0.008054820870401538,0.0072132724212551095,0.014186102428468381
529,3.3569805,1400.0,0.8964825464758593,0.050421291962016855,0.006687174000267487,0.009629530560385182,0.011368195800454728
530,3.550119,0.0,0.9006042668639783,0.05882352941176471,0.00863238377111851,0.009742261684548031,0.013195215192995435
531,4.027833,0.0,0.8915752476302056,0.05101714772606241,0.004047289381190755,0.006709979763553095,0.011715837682394292
532,0.8975248672946747,0.0,0.9201152184349496,0.055400864138262125,0.005472875660105617,0.010534567047441773,0.009793566970715314
533,5.222267848101267,0.0,0.8545244067142581,0.05048556177246125,0.0041160203228503426,0.008232040645700689,0.009582609814135955
534,3.9858962727272726,1100.0,0.9180415114422564,0.060005321979776476,0.003459286854709952,0.01077700904736562,0.017562533262373604
535,4.631519,0.0,0.9036028437161104,0.054825882636462216,0.003614893360645861,0.00771177250271117,0.013254608989034824
536,0.7500000212500016,0.0,0.8809024134312696,0.05342777194823365,0.005246589716684155,0.011105281566981463,0.011542497376705142
537,2.634136315789473,950.0,0.9023951017468036,0.05375472717450027,0.0035116153430578066,0.008373851971907077,0.0100846389339096
538,3.981679,1400.0,0.8805558883431173,0.04995806876722176,0.0035941056667066007,0.007308014855636757,0.014735833233497062
539,2.722966388888889,1400.0,0.8781389916293556,0.042242554019855945,0.003893322951138797,0.011582635779637921,0.007202647459606773
540,3.577903625,0.0,0.8740313272877164,0.050783182192910135,0.0028854080791426216,0.008656224237427864,0.011046990931574607
541,3.3,0.0,0.9235836627140976,0.05204216073781291,0.003184014053579271,0.012077294685990338,0.012883124383500031
542,3.4517136438527074,0.0,0.8984557271414287,0.05366070436618153,0.004443950672147539,0.005443839573380735,0.010221086545939341
543,4.112966833333333,0.0,0.8883004333172846,0.05643696510426328,0.0062580724264648425,0.0056170759107687365,0.012678542770020864
544,6.7634868,0.0,0.9152898481520392,0.0595931620666603,0.005157100563460988,0.008499665743481998,0.011937732785789324
545,4.699339735973598,0.0,0.8927606107093287,0.05310833515961722,0.006720724669442618,0.006428519249032071,0.011030754620498209
546,3.60526,0.0,0.9154525913541915,0.05517076665870552,0.0059708621925005975,0.007403869118700741,0.009553379508000956
547,6.854065111111113,1600.0,0.9279686301253092,0.05574972295626971,0.006052339953968118,0.007757224448043646,0.011848947233824908
548,7.767524545454545,1700.0,0.9143212951432128,0.056454960564549614,0.0044831880448318795,0.00987961809879618,0.012785388127853882
549,3.388748166666667,0.0,0.9097749280293116,0.050117770217220615,0.0041219576027218,0.008309343103899502,0.010991886940591469
550,5.486232272287085,900.0,0.9296860544007894,0.06081539505335225,0.008141614753592796,0.007031394559921051,0.012150743230740764
551,3.2927126,0.0,0.8995872132091773,0.048094460977248725,0.00671978496688106,0.009215705097436884,0.011999616012287606
552,6.4513965501165496,1400.0,0.9000356506238859,0.05896613190730837,0.007201426024955437,0.008128342245989306,0.012335115864527629
553,4.8650798278339575,0.0,0.9226951421266356,0.05619892715696597,0.006216473655186244,0.009876171855416857,0.011831353085677043
554,7.297395777777778,1600.0,0.9185677158533064,0.053826162287034365,0.005659832515160265,0.00745018769852729,0.01033785734911926
555,5.4164359810126586,0.0,0.9051378227494766,0.05578332170272157,0.005931612002791347,0.012430216329378926,0.013956734124214934
556,5.0377395,1200.0,0.9059164853383068,0.06496736089524402,0.005595275101025801,0.007563983006942286,0.01388457154698995
557,5.924860375206423,1100.0,0.9169730842770996,0.054566848065892036,0.0033828504191792913,0.006103838799823504,0.012207677599647008
558,0.44713176,0.0,0.8952565146579805,0.036339576547231266,0.00376628664495114,0.008754071661237784,0.009466612377850164
559,3.3617650406504067,0.0,0.8907558626465661,0.04930904522613065,0.004292294807370184,0.009997906197654942,0.008846314907872695
560,5.038625295411221,1400.0,0.8885337039610841,0.045170257123002086,0.006115357887421821,0.009034051424600415,0.0118137595552467
561,4.842550909090909,0.0,0.9127030501343928,0.059249737057379924,0.00654434965525301,0.006894939815355849,0.014724786724319271
562,2.438332615384615,0.0,0.8795859446517851,0.04788395183437786,0.003872966692486445,0.009506372790648546,0.008379691571016125
563,3.840364699205448,0.0,0.8770431949671403,0.050047744762118734,0.004044262202999496,0.01567151603662304,0.009099589956748862
564,1.820146152796725,0.0,0.8927428989863954,0.04405133541449879,0.005318533934558911,0.012063051605195206,0.011138089181793657
565,5.297529711885968,1150.0,0.90578768183225,0.05731971525843393,0.005632930981120396,0.0043949241720829466,0.011575363664500156
566,3.2983393238434164,1200.0,0.8770850806075855,0.05488770850806076,0.004659398005777654,0.007455036809244245,0.014071381977448514
567,6.0344827586206895,0.0,0.8885331910541995,0.049397536792494784,0.006491485483082122,0.009159219243252857,0.008759059179227247
568,1.3570792222222223,0.0,0.9098761222866236,0.05659734060688715,0.005114217524718718,0.006137061029662462,0.009205591544493692
569,5.2609648291571744,1700.0,0.911473168508602,0.0579924803463598,0.006380312179560214,0.007861456078386692,0.012361854847897915
570,3.646812869565217,0.0,0.8595094388082702,0.050340310774367535,0.0051367664055477075,0.008218826248876333,0.01483241299601901
571,2.162554,0.0,0.8816510172143975,0.059027777777777776,0.0044992175273865405,0.013302034428794992,0.006651017214397496
572,3.3939898284313728,0.0,0.8726799088244871,0.04265711494627157,0.0039075219798111365,0.005318571583631825,0.0071637902963204185
573,4.034994344825948,0.0,0.9142836818893156,0.05043391663109973,0.004979371176554275,0.011737089201877934,0.012946365059041115
574,5.325671880919375,1600.0,0.8888191517977226,0.04258943781942078,0.005021070563973819,0.004662422666547117,0.01694611315341164
575,1.3427501118958427,0.0,0.9454814814814816,0.04651851851851852,0.0019259259259259266,0.00725925925925926,0.00962962962962963
576,3.642584060721063,2100.0,0.8834980473408536,0.043777185351480286,0.007436509050091203,0.007015574575557738,0.0096113371685141
577,5.289404444444443,0.0,0.8740221939239585,0.041113334546116063,0.0050027287611424396,0.008186283427323995,0.008186283427323995
578,5.485295405330963,0.0,0.8942223519112926,0.05383717537204552,0.003939305515027721,0.0058360081704114395,0.01225561715786402
579,2.8933407000000004,0.0,0.9061982101425256,0.058800132582035126,0.004375207159429897,0.011070599933708982,0.01564468014584024
580,3.728408333333333,0.0,0.8874818351671164,0.054183101515466056,0.0044633589370977785,0.011314095910317623,0.011002698775171273
581,6.928290406504066,1500.0,0.9022324865280984,0.06415191172696946,0.0062580724264648425,0.006158583525789068,0.012830382345393894
582,2.066666666666667,0.0,0.8728362183754993,0.0388814913448735,0.002929427430093209,0.005459387483355526,0.007323568575233022
583,2.038142333333333,0.0,0.9210347174948944,0.05026094849103699,0.007374631268436578,0.005218969820739733,0.009757204447469936
584,3.257959701492537,0.0,0.9099532983070636,0.057136602451838873,0.003283712784588441,0.008756567425569177,0.0111646234676007
585,3.2988505747126435,0.0,0.9105426794799322,0.057447710570944034,0.003674392312040701,0.009468626342566422,0.00897399660825325
586,4.691804511278195,0.0,0.901493049596705,0.05394428236370917,0.004862422058234655,0.010534567047441773,0.01098335335507122
587,5.869021428571428,0.0,0.9124951941560938,0.04875048058439062,0.00461361014994233,0.008535178777393309,0.011610918877354864
588,2.672261875,1400.0,0.88549375348134,0.04424285827962123,0.003421659902920347,0.008434789528129228,0.011299435028248588
589,1.25,1850.0,0.9368312491942762,0.05414464354776331,0.002965063813329896,0.0069614541704267115,0.014954234884620344
590,2.99485856,0.0,0.8834980473408536,0.05067715159458279,0.009349060725207515,0.010534567047441773,0.009567496723460026
591,3.3848902,1600.0,0.8633722964933156,0.05697487226149647,0.005389514943655071,0.009099181073703366,0.011898929096381327
592,4.22630075,0.0,0.9203681900888364,0.05854650540511613,0.007064112169538692,0.010061008241464196,0.01551964037247137
593,4.282864181818182,0.0,0.8841201716738197,0.06463014390305477,0.004291845493562232,0.00555415299166877,0.011865690482201464
594,2.9478227480916037,1100.0,0.8932127285742175,0.045942604281902784,0.0036441725776013532,0.007613717706774256,0.008850133402746145
595,3.8209676,0.0,0.9151160560138116,0.05643696510426328,0.0062580724264648425,0.007577210819106082,0.01026280452714368
596,4.396109,1600.0,0.8582037085859917,0.0460936813428245,0.0051849898936637655,0.008085068986729942,0.00856841550224097
597,3.70337559817068,0.0,0.8518827057647451,0.04665111629456848,0.003832055981339553,0.008330556481172945,0.007580806397867378
598,2.8872272727272725,0.0,0.8596551724137931,0.0603448275862069,0.0062580724264648425,0.013300492610837437,0.01512315270935961
599,4.097876740139824,0.0,0.8994416269658316,0.059115823984427024,0.005839864761026586,0.010534567047441773,0.01465088878643512
600,2.3094640160183064,0.0,0.9203863059493592,0.06407478486968365,0.005881260446975793,0.015415093171547082,0.00984337274809633
601,2.5966082352941178,0.0,0.8851441781238594,0.05973962769193333,0.0032850711765421586,0.01228859958632437,0.009490205621121793
602,7.000706240601504,1600.0,0.8912483672326926,0.05329352491136406,0.0033215152080612056,0.008359768613547303,0.008621011382720657
603,3.413905636363636,1400.0,0.9020516214427532,0.0542686962276638,0.006750496360026472,0.006618133686300464,0.0128391793514229
604,5.0444564000000005,1200.0,0.906326560023058,0.0541864822020464,0.002449920737858481,0.013258394581351779,0.01095258682807321
605,4.445081,0.0,0.9195117928418276,0.05104733630216065,0.006762328880092363,0.007339600857661223,0.014266864588487548
606,2.3554592,0.0,0.9135827572183814,0.0579503863359089,0.007523383489223261,0.0077267181781211875,0.013928426189507931
607,5.072536883116883,0.0,0.9163518210669488,0.05251624603294544,0.003929273084479371,0.005364969019192988,0.012392322804896478
608,1.8543435372175057,0.0,0.9071224189931172,0.05150413734436625,0.003866676977805274,0.007733353955610548,0.013301368803650144
609,4.15111585892355,1800.0,0.9170262699674464,0.05049587402528579,0.0056022408963585435,0.007949125596184421,0.01097736391854039
610,3.613799513468281,1700.0,0.8782545586500953,0.046811212918443264,0.007529710605098432,0.00934409870271251,0.012428558468656445
611,3.6264170909090914,0.0,0.9025077486615948,0.05198647506339814,0.0037334460411383493,0.012890955198647506,0.010848126232741616
612,3.640104505639185,1650.0,0.8884103367267032,0.053510832680762205,0.0049595405899243005,0.008613938919342208,0.009919081179848604
613,3.0962466363636363,0.0,0.8967070081621166,0.05195609344216155,0.0054601745004221785,0.006642274134534196,0.011933577258654656
614,3.70337559817068,0.0,0.8858333333333334,0.050277777777777775,0.0013888888888888892,0.007222222222222222,0.010555555555555556
615,1.7562107407407408,0.0,0.9320754716981132,0.06485849056603774,0.0062580724264648425,0.005424528301886792,0.014976415094339625
616,2.8910377358490567,1900.0,0.8718774479937331,0.04291061014883802,0.00417790930455218,0.011315171033162156,0.009052136826529724
617,1.8359268883826882,0.0,0.8946945337620579,0.05827974276527331,0.0058949624866023575,0.010986066452304395,0.007770632368703107
618,4.8650798278339575,0.0,0.8533774834437086,0.05490066225165563,0.005165562913907285,0.01119205298013245,0.009072847682119205
619,3.839268125,0.0,0.9216734822271154,0.06322743000943692,0.006228373702422145,0.005850896508335954,0.0106951871657754
620,1.6666666666666667,0.0,0.9029548088064888,0.04157010428736964,0.004200463499420626,0.008835457705677868,0.009559675550405563
621,6.623443300000001,0.0,0.8779982028063871,0.03739545171770236,0.002281053431948573,0.0044929840326259785,0.008294739752540262
622,2.353984578817734,1400.0,0.9190694626474444,0.057011795543905626,0.005078636959370904,0.008409785932721712,0.009338138925294887
623,1.8,0.0,0.8912457912457913,0.05151515151515152,0.004713804713804714,0.006228956228956229,0.011952861952861951
624,2.411347506382979,0.0,0.9066035557607944,0.05212422073424152,0.005252828446086354,0.00963980604941122,0.009697529438928655
625,3.7163029059829062,1500.0,0.9072612756099326,0.05335553464127996,0.004198943024686889,0.005864041120683414,0.01042496199232607
626,4.9834368,0.0,0.9066291306387828,0.04464106173336015,0.00408874589449695,0.008981835243649039,0.00864669213754273
627,4.809669066666666,0.0,0.9173505761419216,0.052888999419713166,0.0046422946199121285,0.01517035563292713,0.013263698914034651
628,2.498941090909091,0.0,0.8637734223562352,0.0493215593366358,0.005815205685978893,0.004846004738315744,0.012707301313805729
629,4.983083733333333,1800.0,0.8475685234305924,0.04288240495137047,0.005305039787798408,0.009549071618037136,0.01237842617152962
630,3.9190618666666666,0.0,0.9051538558946436,0.056350512852982135,0.004178802076738002,0.008104343421552489,0.012283145498290493
631,1.932258072727273,0.0,0.9151159826663268,0.047157787407596234,0.0034157532500637268,0.013612031608462909,0.009788427224063216
632,3.764100347826087,0.0,0.912018779342723,0.06892018779342722,0.005446009389671361,0.009859154929577466,0.012883124383500031
633,7.255481300149598,0.0,0.9040874642812772,0.05907566157286619,0.0040377686669151435,0.004783202882345633,0.009628525282643808
634,2.66625843216,1400.0,0.8937915429217932,0.05161929005798331,0.004949794937066893,0.011596662423985292,0.011879507848960543
635,2.9557576,0.0,0.8450268971042691,0.05516767769257182,0.0016023806798672313,0.0066384342451642426,0.007897447636488497
636,4.692276029411765,0.0,0.8443592201981464,0.05009587727708533,0.004234579737935442,0.008948545861297539,0.010067114093959731
637,3.9636094701141076,1100.0,0.9147469974404412,0.04528450482378421,0.0052175625123055715,0.009549123843276237,0.008761567237645205
638,3.4154,0.0,0.8869753795126929,0.04936854190585534,0.0044010715652506695,0.010460517923204493,0.009950248756218905
639,3.6824245454545457,1500.0,0.8803255975060617,0.051091098025632144,0.00891929338413578,0.008226532732940769,0.00796674748874264
640,4.0998605,0.0,0.9055965351559856,0.05325844217364824,0.0020978547743114298,0.008391419097245719,0.01048927387155715
641,4.456133,0.0,0.8834980473408536,0.04395946999220577,0.002260327357755261,0.006001558846453624,0.008183943881527671
642,6.882352941176473,0.0,0.9246437054631828,0.05492874109263658,0.0081353919239905,0.01342042755344418,0.01169833729216152
643,2.1121384164222867,2100.0,0.8834980473408536,0.04386259371153632,0.005426877028085487,0.009175338480474431,0.01180485621573235
644,5.187924318181818,0.0,0.8984793627805938,0.04627081824764663,0.009051412020275163,0.007458363504706735,0.010499637943519187
645,4.095201534246575,2200.0,0.8575865533936238,0.03635699278341098,0.002375079930574586,0.00675984287932767,0.008404128985110075
646,2.9212896944473976,1600.0,0.8602604716649067,0.03871876099964802,0.0051390355508623715,0.004505455825413587,0.008940513903555086
647,3.6789301818181817,0.0,0.9188150158299412,0.05551786521935776,0.005427408412483039,0.007914970601537766,0.012550881953867029
648,2.3263327586206897,0.0,0.8838370210469509,0.04762547220723152,0.004452239611440907,0.010388559093362115,0.00903939557474366
649,3.959010307692308,0.0,0.9277036446922924,0.05108544114718184,0.00657239593706433,0.007966540529774946,0.011651065524795858
650,4.074752095238095,0.0,0.8791136318670448,0.04484600672690101,0.003693200553980083,0.009364901404735207,0.014772802215920332
651,4.8650798278339575,1650.0,0.8714574081550263,0.06281792490916431,0.004360113039967703,0.006540169559951554,0.010577311263625351
652,1.6209181111111108,0.0,0.8949429037520391,0.0454594888526373,0.0059815116911364884,0.013811854268624251,0.009679173463839045
653,5.054876138858006,1600.0,0.8973625391148861,0.05623603039785427,0.004202056325435853,0.009298167188198479,0.014573088958426463
654,3.548984079320113,0.0,0.8983601713694785,0.051903284581671344,0.0044812133746983795,0.00979957650071404,0.011129167282217954
655,7.045715648351647,2700.0,0.9031804733727812,0.05340236686390532,0.004215976331360947,0.0051775147928994104,0.009541420118343195
656,5.6374518197573655,1250.0,0.91883920076118,0.05632730732635585,0.0035204567078972408,0.007897240723120837,0.012178877259752616
657,2.314703448275862,0.0,0.8832531161298285,0.04664938911514254,0.0020979883993582625,0.007528076021226706,0.009502653338269777
658,5.377948501220515,0.0,0.8825797041050218,0.05063554907272348,0.0069806209627005615,0.01166909772869348,0.010731402375494895
659,1.2492,1450.0,0.8966763005780347,0.047085741811175336,0.009152215799614644,0.01168111753371869,0.011801541425818879
660,2.5263906956598845,0.0,0.8900192760762476,0.04776183336902977,0.0035339473120582572,0.010708931248661385,0.015099593060612553
661,4.553690582822086,0.0,0.9096452328159644,0.05415316390926147,0.00498891352549889,0.010534567047441773,0.010191028483711407
662,2.9530222222222213,1600.0,0.8901371074745688,0.04944714727996462,0.004157452454666077,0.007341884122069879,0.009553295002211413
663,2.0115934285714285,1600.0,0.8835775482424534,0.04692129073584755,0.007926975738650012,0.0072864120425974845,0.007206341580590921
664,3.1110964,0.0,0.9025563909774436,0.05864661654135338,0.0048120300751879706,0.009924812030075187,0.011278195488721804
665,3.9211456639247935,0.0,0.8759278897136797,0.05167903852951573,0.004878048780487805,0.010745846588900671,0.011594202898550723
666,5.212789651230481,1800.0,0.9002362824888422,0.05522009276275488,0.005863306204603133,0.009976371751115778,0.012339196639537937
667,3.517191904761905,0.0,0.8944891155128456,0.06314963718376153,0.0035301039419494023,0.00862914296920965,0.013139831339478329
668,3.49459,0.0,0.9154202654307984,0.054139456498841367,0.003370549820939541,0.014114177375184328,0.01274489151042764
669,2.740590666666667,1600.0,0.8877967832524891,0.05042124074546847,0.0020423793719683433,0.005871840694408987,0.011743681388817971
670,3.269683197538247,0.0,0.9059712773998488,0.056764928193499625,0.008616780045351474,0.01345427059712774,0.013076341647770221
671,4.85027829787234,0.0,0.9183735860593092,0.0545704677468664,0.00626719657597065,0.01024151635585448,0.016967288291042496
672,5.088182133564613,1850.0,0.8929325278404542,0.06135817745105175,0.004731057573331392,0.010117184656816365,0.012664677196302496
673,2.7522567879838244,1900.0,0.8834980473408536,0.052896158463385363,0.006677671068427371,0.006527611044417767,0.012830132052821129
674,2.5778519577851955,0.0,0.8694761802112524,0.04246604871739599,0.004095710282388446,0.006466910972192283,0.0063591291226557465
675,2.3974144285714285,0.0,0.9185702449994082,0.046751094804118834,0.004201680672268907,0.008640075748609305,0.011243934193395668
676,6.9947957674131915,0.0,0.8865365853658537,0.04770731707317073,0.005560975609756097,0.008195121951219513,0.01092682926829268
677,3.963871637545592,1700.0,0.920952167078374,0.05060259001422262,0.006512463507747586,0.007934725653117747,0.012950071113107269
678,4.6797260000000005,0.0,0.9062273714699494,0.05677045619116582,0.00506879073135409,0.009123823316437364,0.012527154236060826
679,3.67354432,0.0,0.8895996470717988,0.04797617734642109,0.004191022388882762,0.009043785154957537,0.009926105657880224
680,4.21768352,1800.0,0.9094115987018484,0.04317764921687597,0.006772964583039368,0.0053619302949061655,0.014110342881332016
681,3.2405071428571435,1500.0,0.9042881646655232,0.054545454545454536,0.008061749571183533,0.008833619210977701,0.013550600343053174
